spawn:
  world:
    x: -3
    y: 64
    z: 25
    pitch: 54.07105
    yaw: 43.60547
